CAVE Adult Stimulus Factor Trial Order


Control_001_Acute
0.25
0.15
0.00
0.35
0.05

0.08
0.00
0.04

Control_001_SubAcute
0.15
0.25
0.05
0.35
0.00

0.00
0.04
0.08

Control_002_Acute
0.00
0.15
0.35
0.05
0.25

0.08
0.00
0.04

Control_002_SubAcute
0.15
0.35
0.05
0.25
0.00

0.00
0.04
0.08 

Control_002_Chronic
0.35
0.05
0.25
0.00
0.15

0.04
0.08
0.00

Control_003_Acute
0.15
0.25
0.35
0.00
0.05

0.00
0.08
0.04

Control_003_SubAcute
0.25
0.35
0.00
0.05
0.15 

0.00
0.04
0.08 

Control_003_Chronic
0.05
0.25
0.15
0.00
0.35

0.08
0.00
0.04

Control_004_Acute
0.00
0.15
0.25
0.35
0.05

0.00
0.04
0.08

Control_004_SubAcute
0.05
0.25
0.35
0.00
0.15

0.08
0.00
0.04

Control_005_Acute
0.00
0.15
0.35
0.25
0.05

0.00
0.04
0.08

Control_005_Subacute
0.15
0.35
0.25
0.05
0.00

0.00
0.08
0.04

Control_005_Chronic
0.25
0.15
0.00
0.05
0.35

0.08
0.00
0.04


Control_006_Acute
0.00
0.35
0.05
0.25
0.15

0.00
0.08
0.04

Control_006_SubAcute
0.05
0.25
0.15
0.35
0.00

0.00
0.04
0.08

Control_006_Chronic
0.15
0.25
0.05
0.35
0.00

0.08
0.00
0.04

Control_007_Acute
0.35
0.05
0.00
0.15
0.25

0.00
0.08
0.04

Control_007_SubAcute
0.05
0.25
0.00
0.35
0.15

0.00
0.04
0.08


Control_007_Chronic
0.25
0.00
0.15
0.35
0.05

0.08
0.00
0.04

Control_008_Acute
0.05
0.25
0.35
0.00
0.15

0.00
0.04
0.08

Control_008_SubAcute
0.25
0.35
0.05
0.15
0.00

0.00
0.08
0.04

Control_008_Chronic
0.00
0.25
0.05
0.35
0.15

0.08
0.00
0.04


Control_009_Acute
0.00
0.25
0.35
0.15
0.05

0.00
0.08
0.04

Control_009_SubAcute
0.15
0.25
0.00
0.35
0.05

0.08
0.04
0.00

Control_009_Chronic
0.25
0.15
0.35
0.05
0.00

0.04
0.00
0.08

Control_010_Acute
0.25
0.35
0.00
0.15
0.05

0.00
0.08
0.04

Control_010_SubAcute
0.00
0.15
0.25
0.05
0.35

0.00
0.04
0.08

Control_010_Chronic
0.35
0.15
0.25
0.00
0.05

0.04
0.08
0.00

Control_011_Acute
0.35
0.15
0.00
0.25
0.05

0.00
0.08
0.04

Control_011_SubAcute
0.25
0.15
0.05
0.35
0.00

0.08
0.00
0.04

Control_011_Chronic
0.15
0.05
0.35
0.00
0.25

0.04
0.08
0.00

Control_012_Acute
0.15
0.35
0.00
0.25
0.05

0.00
0.08
0.04

Control_012_SubAcute
0.00
0.25
0.05
0.35
0.15

0.04
0.08
0.00

Control_012_Chronic
0.35
0.15
0.05
0.00
0.25

0.08
0.04
0.00

Control_013_Acute
0.05
0.35
0.15
0.00
0.25

0.04
0.00
0.08

Control_013_Subacute
0.15
0.00
0.35
0.25
0.05

0.08
0.04
0.00

Control_013_Chronic
0.00
0.25
0.05
0.35
0.15

0.00
0.08
0.04

Control_014_Acute
0.15
0.00
0.25
0.05
0.35

0.08
0.00
0.04

Control_014_Subacute
0.35
0.15
0.05
0.25
0.00

0.04
0.08
0.00

Control_014_Chronic
0.05
0.25
0.35
0.00
0.15

0.00
0.08
0.04

Control_015_Acute
0.15
0.25
0.35
0.00
0.05

0.08
0.04
0.00

Control_015_SubAcute
0.35
0.05
0.00
0.25
0.15

0.00
0.08
0.04

Control_015_Chronic
0.05
0.00
0.35
0.15
0.25

0.04
0.08
0.00

Control_016_Acute
0.05
0.15
0.00
0.25
0.35

0.04
0.00
0.08

Control_016_SubAcute
0.25
0.00
0.35
0.15
0.05

0.08
0.04
0.00

Control_016_Chronic
0.00
0.35
0.25
0.15
0.05

0.00
0.08
0.04

Control_017_Acute
0.25
0.00
0.35
0.15
0.05

0.04
0.00
0.08

Control_017_Subacute
0.15
0.00
0.25
0.35
0.05

0.08
0.00
0.04

Control_017_Chronic
0.05
0.35
0.15
0.00
0.25

0.00
0.08
0.04

Control_018_Acute
0.15
0.35
0.00
0.05
0.25

0.04
0.08
0.00

Control_018_SubAcute
0.25
0.00
0.35
0.15
0.05

0.08
0.00
0.04

Control_018_Chronic
0.35
0.05
0.25
0.00
0.15

0.00
0.08
0.04

Control_019_Acute
0.15
0.05
0.35
0.25
0.00

0.04
0.08
0.00

Control_019_Subacute
0.25
0.05
0.15
0.00
0.35

0.08
0.04
0.00

Control_019_Chronic
0.00
0.25
0.15
0.35
0.05

0.00
0.08
0.04

Control_020_Acute
0.15
0.05
0.35
0.25
0.00

0.08
0.04
0.00

Control_020_SubAcute
0.25
0.00
0.15
0.35
0.05

0.04
0.08
0.00

Control_020_Chronic
0.05
0.35
0.00
0.15
0.25

0.00
0.08
0.04


Concussion_001_Acute
0.15
0.35
0.05
0.25
0.00

0.00
0.08
0.04

Concussion_001_SubAcute
0.05
0.25
0.00
0.35
0.15

0.08
0.04
0.00

Concussion_001_Chronic
0.25
0.35
0.00
0.05
0.15

0.04
0.08
0.00

Concussion_002_Acute
0.00
0.15
0.05
0.35
0.25

0.04
0.00
0.08

Concussion_002_SubAcute
0.35
0.05
0.00
0.25
0.15

0.00
0.08
0.04

Concussion_002_Chronic
0.15
0.25
0.05
0.35
0.00

0.08
0.00
0.04

Concussion_003_Acute
0.05
0.25
0.15
0.00
0.35

0.08
0.00
0.04

Concussion_004_Acute
0.00
0.15
0.05
0.35
0.25

0.00
0.08
0.04

Concussion_004_SubAcute
0.00
0.25
0.15
0.35
0.05

0.08
0.04
0.00

Concussion_004_Chronic
0.35
0.05
0.25
0.00
0.15

0.04
0.00
0.08

Concussion_005_Acute
0.00
0.05
0.25
0.15
0.35

0.00
0.08
0.04

Concussion_005_SubAcute
0.15
0.35
0.05
0.25
0.00

0.08
0.04
0.00

Concussion_005_Chronic
0.25
0.00
0.35
0.15
0.05

0.04
0.00
0.08

Concussion_006_Acute
0.05
0.15
0.00
0.25
0.35

0.08
0.00
0.04

Concussion_006_SubAcute
0.00
0.15
0.35
0.05
0.25

0.00
0.04
0.08

Concussion_006_Chronic
0.25
0.05
0.35
0.15
0.00

0.04
0.08
0.00

Concussion_007_Acute
0.25
0.05
0.35
0.15
0.00

0.08
0.00
0.04

Concussion_007_Subacute
0.15
0.35
0.00
0.25
0.05

0.04
0.08
0.00

Concussion_007_Chronic
0.25
0.00
0.15
0.35
0.05

0.00
0.04
0.08

Concussion_008_Acute
0.00
0.15
0.25
0.05
0.35

0.08
0.00
0.04

Concussion_008_Subacute
0.25
0.05
0.15
0.35
0.00

0.04
0.08
0.00

Concussion_008_Chronic
0.05
0.25
0.35
0.00
0.15

0.00
0.08
0.04

Concussion_009_Acute
0.15
0.05
0.25
0.35
0.00

0.04
0.00
0.08

Concussion_009_Subacute
0.35
0.25
0.05
0.00
0.15

0.08
0.04
0.00

Concussion_009_Chronic
0.25
0.15
0.35
0.05
0.00

0.04
0.00
0.08

Concussion_010_Acute
0.05
0.25
0.15
0.00
0.35

0.08
0.04
0.00

Concussion_010_Subacute
0.15
0.00
0.35
0.05
0.25

0.00
0.08
0.04

Concussion_010_Chronic_
0.35
0.15
0.25
0.00
0.05

0.04
0.08
0.00

Concussion_011_Acute
0.25
0.05
0.35
0.15
0.00

0.00
0.08
0.04

Concussion_011_SubAcute
0.15
0.00
0.25
0.35
0.05

0.04
0.00
0.08

Concussion_011_Chronic
0.15
0.25
0.05
0.35
0.00

0.04
0.08
0.00

Concussion_012_Acute
0.05
0.35
0.15
0.00
0.25

0.08
0.00
0.04

Concussion_012_SubAcute
0.25
0.15
0.35
0.05
0.00

0.04
0.08
0.00

Concussion_012_Chronic
0.15
0.00
0.25
0.05
0.35

0.00
0.04
0.08

Concussion_013_Acute
0.25
0.05
0.35
0.15
0.00

0.08
0.00
0.04

Concussion_013_SubAcute
0.00
0.15
0.25
0.05
0.35

0.00
0.08
0.04

Concussion_013_Chronic
0.15
0.05
0.00
0.35
0.25

0.04
0.08
0.00

Concussion_014_Acute
0.05
0.15
0.35
0.00
0.25

0.08
0.04
0.00

Concussion_014_SubAcute
0.15
0.35
0.05
0.00
0.25

0.04
0.00
0.08

Concussion_014_Chronic
0.25
0.05
0.15
0.35
0.00

0.00
0.08
0.04

Concussion_015_Acute
0.15
0.25
0.05
0.35
0.00

0.04
0.08
0.00

Concussion_015_Subacute
0.05
0.35
0.00
0.15
0.25

0.08
0.04
0.00

Concussion_016_Acute
0.25
0.15
0.00
0.35
0.05

0.08
0.04
0.00

Concussion_016_SubAcute
0.15
0.05
0.25
0.00
0.35

0.00
0.08
0.04

Concussion_017_Acute
0.15
0.35
0.05
0.00
0.25

0.00
0.08
0.04

Concussion_017_SubAcute
0.00
0.25
0.35
0.05
0.15

0.08
0.04
0.00

Concussion_017_Chronic
0.05
0.15
0.35
0.25
0.00

0.00
0.08
0.04

Concussion_018_Acute
0.05
0.35
0.25
0.00
0.15

0.04
0.00
0.08

Concussion_018_SubAcute
0.15
0.25
0.00
0.35
0.05

0.08
0.04
0.00

Concussion_018_Chronic
0.00
0.05
0.35
0.25
0.15

0.00
0.08
0.04

Concussion_019_Acute
0.15
0.35
0.05
0.00
0.25

0.08
0.00
0.04

Concussion_019_SubAcute
0.25
0.05
0.00
0.35
0.15

0.04
0.08
0.00

Concussion_019_Chronic
0.05
0.15
0.35
0.00
0.25

0.00
0.04
0.08

Concussion_020_Acute
0.15
0.25
0.00
0.35
0.05

0.04
0.00
0.08

Concussion_020_SubAcute
0.00
0.05
0.35
0.15
0.25

0.08
0.04
0.00

Concussion_020_Chronic
0.25
0.00
0.15
0.35
0.05

0.00
0.08
0.04

Concussion_021_Acute
0.15
0.25
0.35
0.00
0.05

0.00
0.04
0.08